single_qubit:
    0:
        resonator_freq:  7.13581e+9
        resonator_freq_off: 7.13649e+9
        resonator_polycoef_flux: []
        qubit_freq: 3.71e+9 #4.41e+9
        T1: 2192.895853326451
        T2: 6933.310025260633
        resonator_spectroscopy_max_ro_voltage: 900
        rabi_oscillations_pi_pulse_min_voltage: 20
        mean_gnd_states: (0.0005331494337056071-0.0007740003889083592j)
        mean_exc_states: (0.00011805761369462914+0.00018601039195510947j)
        sweetspot: 0.0
    1:
        resonator_freq: 7.55376e+9
        resonator_freq_off: 7.55362e+9
        resonator_polycoef_flux: [-7.09812880e+33,  1.00151800e+32,  1.14919686e+31, -1.35338314e+29,
                                -7.45908972e+27,  6.92201598e+25,  2.49124972e+24, -1.62356061e+22,
                                -4.55506876e+20,  1.53864099e+18,  4.23396904e+16,  2.46760441e+13,
                                -8.15917059e+11, -1.40371935e+10, -1.08545827e+08,  7.55357045e+09]
        qubit_freq: 3.84159e+9
        T1: 2192.895853326451
        T2: 6933.310025260633
        mean_gnd_states: (0.0005331494337056071-0.0007740003889083592j)
        mean_exc_states: (0.00011805761369462914+0.00018601039195510947j)
        sweetspot: -0.0037
    2:
        resonator_freq: 7.55755e+9
        resonator_freq_off: 7.55796e+9
        resonator_polycoef_flux: [ 6.13368504e+33,  5.39550639e+31, -8.36564499e+30, -7.77346087e+28,
                                4.42578720e+27,  4.27972941e+25, -1.14605657e+24, -1.11321227e+22,
                                1.51620177e+20,  1.34350763e+18, -9.96900496e+15, -3.61908632e+13,
                                3.99735456e+11, -1.22513111e+10, -2.75451198e+07,  7.55767333e+09]
        qubit_freq: 4.89116e+9 #5.2862e+9
        T1: 2192.895853326451
        T2: 6933.310025260633
        mean_gnd_states: (0.0005331494337056071-0.0007740003889083592j)
        mean_exc_states: (0.00011805761369462914+0.00018601039195510947j)
        sweetspot: -0.0015
    3:
        resonator_freq: 7.67691e+9
        resonator_freq_off: 7.67706e+9
        resonator_polycoef_flux: [ 1.75949300e+33, -5.86844799e+31, -2.60071369e+30,  8.98917202e+28,
                                1.47336120e+27, -5.52587647e+25, -3.85972613e+23,  1.74084449e+22,
                                4.03165800e+19, -2.95898420e+18,  2.75911375e+14,  2.52209315e+14,
                                1.69304634e+11, -6.20085631e+09, -1.26782260e+08,  7.67677972e+09]
        qubit_freq: 4.9313e+9
        T1: 2192.895853326451
        T2: 6933.310025260633
        mean_gnd_states: (0.0005331494337056071-0.0007740003889083592j)
        mean_exc_states: (0.00011805761369462914+0.00018601039195510947j)
        sweetspot: -0.012
    4:
        resonator_freq: 7.9129e+9
        resonator_freq_off: 7.91305e+9
        resonator_polycoef_flux: [-2.46482470e+33,  1.47510526e+31,  3.70975573e+30, -2.91496933e+28,
                            -2.15577783e+27,  2.19169404e+25,  5.82283710e+23, -8.03373890e+21,
                            -6.28262142e+19,  1.50360757e+18, -3.11094157e+14, -1.31755361e+14,
                            -2.06494626e+11,  2.73339775e+09,  1.42822410e+08,  7.91185065e+09]
        qubit_freq: 5.8093e+9
        T1: 2192.895853326451
        T2: 6933.310025260633
        mean_gnd_states: (0.0005331494337056071-0.0007740003889083592j)
        mean_exc_states: (0.00011805761369462914+0.00018601039195510947j)
        sweetspot: 0.0079

    5:
        resonator_freq: 7.0082e+9
        resonator_freq_off: 7.e+9
        resonator_polycoef_flux: []
        qubit_freq: 6.3925e+9 #3.e+9
        T1: 2192.895853326451
        T2: 6933.310025260633
        mean_gnd_states: (0.0005331494337056071-0.0007740003889083592j)
        mean_exc_states: (0.00011805761369462914+0.00018601039195510947j)
